13690000
6661000
5402000
4375500
3973000
3961000
3070000
2853000
2841000
2729000
2617000
2616000
2573000
2505000
2393000
2251750
2210500
2165000
1920000
1832000
1805000
1696000
1696000
1685000
1538500
1482500
1445000
1360000
1273000
1272000
1210000
1205000
1106500
1049000
1024000
1022500
970000
964000
958000
937000
937000
902500
890500
869000
866500
856000
845000
842500
825000
797000
725000
722500
720750
701000
698500
690000
689000
662500
624000
612300
586000
578500
576000
553600
542500
542500
526500
520000
518500
506500
506500
505000
485000
480000
457000
449500
445750
445000
444300
441600
441600
433600
433000
421000
420000
390000
389000
386500
385000
385000
374500
374400
362500
362500
360000
353000
351750
346000
341000
338500
336000
336000
332300
332300
321600
318400
318400
317000
314500
313000
305000
302500
301000
292000
266500
253900
242500
241000
232000
230500
230500
229000
226000
218500
218500
216000
214750
212500
211500
209000
207500
204000
204000
204000
200500
194500
194500
192000
191000
188000
187200
181750
171000
171000
170500
169000
168000
161000
160000
158500
156000
156000
156000
153600
149000
138000
136300
134500
133000
132000
132000
126500
121000
120000
118750
116500
114000
112500
112500
112500
112500
112500
110500
108000
108000
108000
107550
106250
106250
105000
104250
102500
102000
97000
97000
96000
94000
93750
93750
92750
92500
92500
91000
90000
90000
87500
87500
87000
87000
86500
86500
85000
85000
82250
81250
81250
80500
79500
78000
75500
75000
72000
71875
70600
70500
69700